9116
7145
1853
6864
9761
3833
5233
2564
3482
5132
7566
7394
9120
4423
8108
3044
1092
4811
9498
7261
9238
6465
2844
5678
4689
8188
812
4478
9169
7755
631
7597
8412
9480
2602
6495
4164
2832
6734
9505
5021
7533
2914
4309
2599
7253
5655
3631
8231
304
3716
9150
5502
3840
6705
3764
9600
5540
9549
6278
8064
426
3465
1596
141
9248
2878
4071
5339
9971
4610
124
1834
91
7926
4419
511
9822
8708
9107
3078
1732
3577
6457
4346
1078
6413
963
2424
2943
2004
7570
1716
521
6964
6729
3834
4070
5746
4137
6162
7771
3957
7210
2872
1199
7809
2469
3272
4318
4393
1840
2890
9627
7349
625
8496
4226
2535
1286
8686
833
9102
8354
5883
2269
2111
2073
8846
9976
5440
2151
3248
30
7640
4429
9529
6407
3484
6736
9548
1519
1595
8322
1326
1067
8471
1731
21
816
3361
2427
7877
1031
3876
2811
3837
3076
7585
8563
9968
4622
9049
1302
5100
1594
954
2443
3694
3113
523
9372
3205
7626
5068
4511
1113
7815
1177
2833
118
3292
4734
3660
1561
7486
6049
8649
6348
3789
909
5622
8315
7965
1668
7169
2486
7483
9373
543
3762
7775
914
8591
9144
4941
8271
5518
62
3357
1344
4700
5612
5927
6133
6089
6010
7864
7211
8701
9377
8973
8446
9345
9099
9258
6804
4254
1379
7723
5698
174
8707
7908
1150
7954
3081
2900
2680
5004
2041
1015
7872
658
3521
3363
3881
9886
4455
733
2005
2816
1955
7657
4468
5125
4452
9301
8029
2612
6013
7348
4128
3026
1089
8132
8319
7606
1463
4435
6628
3373
1814
991
6084
395
5264
8287
9944
6445
7052
8698
6690
5477
2224
2186
8679
1965
9914
7369
6612
2986
7053
5212
2937
4256
8605
7654
5666
9126
5395
9379
55
137
2842
7420
6534
8076
397
7047
7788
7400
5340
4250
1321
2495
1478
120
5130
4366
9328
6706
8465
6871
1869
3777
8364
6485
4062
1521
2554
807
4934
6990
2
4541
1578
1846
544
6031
6391
7240
1452
3570
1104
2639
4662
3371
3708
493
7469
3950
3006
7078
165
5971
8045
2240
5169
3075
4063
3198
9263
379
5979
5867
9319
3816
4067
9423
9167
5674
7739
3438
2387
4266
950
481
1322
2536
7060
153
7425
9924
7307
1261
5242
5379
8058
9476
6035
1536
7362
1259
6761
9312
7711
8217
5460
3055
9835
6956
4751
9593
4143
8993
3395
8749
840
264
7571
7632
1742
3086
6559
6173
2015
7356
2856
8940
1439
6059
4496
7147
9879
8492
8764
2208
7812
2285
8264
9901
1229
8805
7942
1242
4181
4944
504
8891
9260
4157
6066
3022
2949
5372
2849
6500
6522
2129
5368
4315
182
1255
3839
4501
9680
6908
9794
2777
4267
5386
1570
8975
4365
9467
2153
4033
3446
3495
8528
6186
7630
2371
7264
9481
9181
9787
9632
5304
5820
7212
1204
5121
3369
336
9799
9804
9669
5225
3788
6130
7037
7895
9845
5574
419
5025
9645
7984
